1629410196371 0.729406 0
1629410196391 0.74457 1
1629410196401 0.755894 2
1629410196409 0.764115 3
1629410196419 0.772431 4
1629410196426 0.783065 5
1629410196433 0.793928 6
1629410196439 0.802056 7
1629410196445 0.808529 8
1629410196452 0.816865 9
1629410196458 0.821445 10
1629410196465 0.827112 11
1629410196472 0.833578 12
1629410196479 0.837867 13
1629410196554 0.841553 14
1629410196559 0.849719 15
1629410196564 0.852586 16
1629410196569 0.856131 17
1629410196575 0.860721 18
1629410196581 0.863479 19
