1629410196371 1.605343 0
1629410196391 1.496098 1
1629410196401 1.422748 2
1629410196409 1.367985 3
1629410196419 1.327143 4
1629410196426 1.292379 5
1629410196433 1.259776 6
1629410196439 1.235859 7
1629410196445 1.216994 8
1629410196452 1.194298 9
1629410196458 1.178556 10
1629410196465 1.160943 11
1629410196472 1.146857 12
1629410196479 1.132877 13
1629410196554 1.121007 14
1629410196559 1.105024 15
1629410196564 1.096686 16
1629410196569 1.086856 17
1629410196575 1.074975 18
1629410196581 1.066068 19
