1629410196371 0.489684 0
1629410196391 0.478155 1
1629410196401 0.475728 2
1629410196409 0.465413 3
1629410196419 0.46784 4
1629410196426 0.469053 5
1629410196433 0.461165 6
1629410196439 0.455097 7
1629410196445 0.451456 8
1629410196452 0.448422 9
1629410196458 0.442354 10
1629410196465 0.436893 11
1629410196472 0.4375 12
1629410196479 0.434466 13
1629410196554 0.426578 14
1629410196559 0.419296 15
1629410196564 0.416869 16
1629410196569 0.415049 17
1629410196575 0.412015 18
1629410196581 0.412621 19
