1629410252953 0.468174 0
1629410252986 0.462312 1
1629410252992 0.454774 2
1629410252999 0.457286 3
1629410253006 0.448074 4
1629410253011 0.447236 5
1629410253016 0.438023 6
1629410253022 0.432161 7
1629410253030 0.420436 8
1629410253035 0.41876 9
1629410253040 0.414573 10
1629410253044 0.407873 11
1629410253050 0.389447 12
1629410253054 0.382747 13
1629410253059 0.374372 14
1629410253064 0.365997 15
1629410253071 0.365159 16
1629410253088 0.360972 17
1629410253225 0.361809 18
1629410253253 0.357621 19
