1629410275346 1.50845 0
1629410275375 1.345667 1
1629410275388 1.215602 2
1629410275392 1.129526 3
1629410275396 1.061307 4
1629410275402 1.00543 5
1629410275406 0.957418 6
1629410275410 0.914912 7
1629410275415 0.885219 8
1629410275419 0.84435 9
1629410275424 0.810064 10
1629410275428 0.781876 11
1629410275431 0.760298 12
1629410275434 0.737877 13
1629410275437 0.715488 14
1629410275440 0.696795 15
1629410275442 0.682475 16
1629410275445 0.665347 17
1629410275448 0.647533 18
1629410275451 0.63061 19
