1629410275346 0.37833 0
1629410275375 0.380107 1
1629410275388 0.364121 2
1629410275392 0.357016 3
1629410275396 0.357016 4
1629410275402 0.349911 5
1629410275406 0.348135 6
1629410275410 0.337478 7
1629410275415 0.326821 8
1629410275419 0.30373 9
1629410275424 0.296625 10
1629410275428 0.293073 11
1629410275431 0.277087 12
1629410275434 0.269982 13
1629410275437 0.262877 14
1629410275440 0.25222 15
1629410275442 0.239787 16
1629410275445 0.232682 17
1629410275448 0.222025 18
1629410275451 0.209591 19
