1629410252953 1.579816 0
1629410252986 1.448835 1
1629410252992 1.355001 2
1629410252999 1.287194 3
1629410253006 1.230024 4
1629410253011 1.185184 5
1629410253016 1.148414 6
1629410253022 1.111629 7
1629410253030 1.085753 8
1629410253035 1.060289 9
1629410253040 1.03861 10
1629410253044 1.020759 11
1629410253050 0.998609 12
1629410253054 0.978897 13
1629410253059 0.968636 14
1629410253064 0.954667 15
1629410253071 0.941733 16
1629410253088 0.930737 17
1629410253225 0.918328 18
1629410253253 0.908641 19
